function y=Fun3(x)
t=[10,8,20,4,8;4,10,6,12,5;22,13,4,10,8;2,16,25,8,2;6,8,13,11,16];
C1=[2,0,2,1,0;0,1,0,2,5;1,0,2,0,0;0,0,0,3,5;0,2,0,0,2];
C2=[0,2,1,0,0;2,0,2,0,0;1,0,0,2,5;0,1,0,0,2;0,0,0,3,0];
C3=[1,0,0,0,0;2,2,0,0,0;0,0,2,3,0;0,0,0,1,4;1,0,0,1,3];
C4=[0,0,0,1,2;2,3,0,0,0;1,0,2,0,0;0,2,0,3,0;0,3,0,0,6];
C5=[0,1,0,0,2;0,0,0,4,0;0,0,0,0,3;2,0,3,1,0;1,3,0,0,0];
G=[3,4,3,4,6];
